11011111001111101111110010001000001000100100001100011111010100101010101001;00,11011,10,1010,0100,10,000,0100,00,1011

010100111000111011110111010110111001110000101110101000100110111000100100001101;11011,00111,10,10010,100,10

01011100001010011000101101111001001010111000111101101111100010000;0000,0100,00,111,001100,001

10001000111000000001001100101111101000110010101111010010000000111001011100010011;00101,11100,111000,00111,100,1010

11100011100100001111110011100101001101010000110011000000101101101000110000000;101,0110,01,01,11,01011,011011,11001,1100,11

101111010010001101100001011101010100110110101100111011101101011101100110;111,00011,11,100001,00111,0000,010,01,10,001110

001011001110010000000001010110010011110101001000011100001111001001;10,110110,00110,1011,000,1001,010,10

011101001110100110010111111001010000000100100100001001011001010110010101010011;10001,1101,00011,000010,0010,11,111,00,010000,00

11111110000001111001111111111100000111000010000111111101000110101010001101000001;100,00,011,000110,0110,01,1111,110001

10100101101110011000;10,111,00,10,010,00

0111011001111000010111100110000110000001001100010111001111000111010101;011111,1110,01100,111,110110,00,100111,00,000010,010

0001010101111001001010001010100001011011000101101000011010011011101110;101010,011101,00,000111,0100,001

1100110011011101110110011010110011010111111011111111010111111010001;01001,011101,010101,1101,010110,001011,10,010111

10001001101111001010101011001001100010110110001110001100101111111111000010110110;00000,11,00,110,110,00010,10100,0101,110,11

11000000110100100001100000011010110110011111000101011011011111111000110110100010;111101,0110,01,101000,0001,11010,10111,11

0101011011010101000000111011011110001011101100011000001111100110101100001001;00110,110,11011,0101,00010,101110,10,111,10,0011

011100110010110010000000011111010101010101010000101110000001100101;0100,01011,00000,11,10010,1010,10111,1101

10111010010110011000111101110111110011101011101111100001111001111101;100,000100,011,00110,101,00,111010,110

1011100000110010000001001100111110011110110110111100101001110001110;01110,001100,00,001000,001,000,101110,110111

011110011011100101010101100011010100100101100010100001110101011010110001000000;0110,011,000,01110,0001,101111,000,00

0001011111000011001100010110011111110100100110010001100100011010111000010;1011,010010,101,000110,0001,10
